0 0.405273 0.539062 0.052734 0.058594 
0 0.192383 0.168945 0.068359 0.056641 
0 0.457031 0.179688 0.039062 0.042969 
0 0.771484 0.120117 0.039062 0.029297 
0 0.464844 0.041992 0.039062 0.029297 
0 0.165039 0.027832 0.033203 0.020508 
0 0.994629 0.160156 0.010742 0.068359 
0 0.163086 0.580566 0.037109 0.032227 
0 0.152832 0.617188 0.036133 0.027344 
0 0.059082 0.604492 0.030273 0.031250 
0 0.151367 0.519531 0.025391 0.037109 
0 0.209961 0.539062 0.029297 0.031250 
0 0.263672 0.600586 0.033203 0.031250 
0 0.205078 0.677246 0.042969 0.024414 
0 0.556641 0.610352 0.029297 0.019531 
0 0.623535 0.600098 0.028320 0.018555 
0 0.696777 0.584473 0.026367 0.024414 
0 0.752930 0.512695 0.029297 0.019531 
0 0.613770 0.429199 0.026367 0.032227 
0 0.599121 0.465820 0.032227 0.029297 
0 0.551270 0.507324 0.030273 0.024414 
0 0.401855 0.370605 0.034180 0.034180 
0 0.505859 0.447754 0.035156 0.022461 
0 0.494629 0.485352 0.032227 0.023438 
0 0.613770 0.745117 0.053711 0.041016 
0 0.271973 0.460938 0.061523 0.035156 
0 0.608887 0.745117 0.043945 0.041016 
0 0.656738 0.743164 0.030273 0.041016 
0 0.694336 0.731934 0.031250 0.038086 
0 0.615234 0.633301 0.031250 0.026367 
0 0.637695 0.664551 0.029297 0.018555 
0 0.657715 0.692871 0.016602 0.022461 
0 0.694336 0.687012 0.029297 0.020508 
0 0.768555 0.676270 0.025391 0.020508 
0 0.748047 0.908691 0.041016 0.032227 
0 0.729004 0.722168 0.034180 0.032227 
0 0.312988 0.960449 0.030273 0.024414 
0 0.441895 0.964844 0.041992 0.035156 
0 0.880859 0.305176 0.037109 0.038086 
0 0.460449 0.143555 0.040039 0.025391 
0 0.300781 0.142090 0.035156 0.028320 
0 0.742188 0.441895 0.042969 0.028320 
0 0.504883 0.244141 0.033203 0.027344 
0 0.776367 0.637695 0.029297 0.029297 
0 0.792969 0.604492 0.025391 0.031250 
0 0.798828 0.564453 0.031250 0.029297 
0 0.844727 0.822754 0.048828 0.041992 
0 0.440430 0.768066 0.031250 0.022461 
0 0.342773 0.753418 0.041016 0.036133 
0 0.427734 0.798828 0.035156 0.023438 
0 0.612793 0.832031 0.038086 0.037109 
0 0.952148 0.772461 0.048828 0.052734 
0 0.913574 0.199219 0.036133 0.027344 
0 0.315430 0.658691 0.033203 0.040039 
0 0.281738 0.628418 0.026367 0.032227 
0 0.315430 0.620117 0.027344 0.021484 
0 0.506836 0.756836 0.031250 0.021484 
