0 0.090820 0.030273 0.181641 0.060547 
0 0.041016 0.067383 0.082031 0.134766 
0 0.337891 0.109375 0.210938 0.171875 
0 0.761719 0.102539 0.078125 0.087891 
0 0.960938 0.019531 0.074219 0.039062 
0 0.859375 0.307617 0.113281 0.107422 
0 0.565430 0.259766 0.060547 0.054688 
0 0.442383 0.433594 0.064453 0.070312 
0 0.284180 0.888672 0.064453 0.062500 
0 0.810547 0.497070 0.113281 0.123047 
0 0.983398 0.527344 0.033203 0.066406 
0 0.822266 0.689453 0.058594 0.070312 
0 0.920898 0.749023 0.091797 0.107422 
0 0.973633 0.975586 0.052734 0.048828 
0 0.583008 0.732422 0.080078 0.062500 
