0 0.444336 0.019531 0.123047 0.035156 
0 0.349609 0.108398 0.062500 0.060547 
0 0.021484 0.024414 0.042969 0.048828 
0 0.400391 0.198242 0.054688 0.060547 
0 0.337891 0.224609 0.039062 0.042969 
0 0.983398 0.041992 0.033203 0.068359 
0 0.986328 0.105469 0.027344 0.042969 
0 0.731445 0.165527 0.083984 0.100586 
0 0.802246 0.310547 0.053711 0.052734 
0 0.964355 0.359863 0.071289 0.086914 
0 0.818848 0.454590 0.092773 0.096680 
0 0.821289 0.517578 0.052734 0.044922 
0 0.629883 0.484863 0.074219 0.075195 
0 0.571289 0.326660 0.058594 0.073242 
0 0.416016 0.361328 0.072266 0.058594 
0 0.346680 0.421875 0.066406 0.042969 
0 0.066406 0.498047 0.066406 0.068359 
0 0.150879 0.596680 0.065430 0.060547 
0 0.051270 0.798828 0.079102 0.068359 
0 0.038574 0.972656 0.077148 0.054688 
0 0.258301 0.983887 0.047852 0.032227 
0 0.313965 0.796875 0.073242 0.072266 
0 0.471191 0.962402 0.063477 0.075195 
0 0.482422 0.615234 0.082031 0.082031 
0 0.499023 0.774414 0.062500 0.062500 
0 0.726074 0.763184 0.049805 0.057617 
0 0.872070 0.805176 0.130859 0.067383 
0 0.968750 0.733398 0.062500 0.085938 
0 0.861816 0.951172 0.067383 0.052734 
0 0.734375 0.914062 0.078125 0.046875 
0 0.666504 0.619629 0.071289 0.061523 
0 0.070801 0.689941 0.049805 0.051758 
0 0.647461 0.295410 0.068359 0.053711 
0 0.533691 0.418945 0.067383 0.037109 
0 0.261719 0.606934 0.083984 0.041992 
0 0.274414 0.502930 0.054688 0.044922 
0 0.095215 0.303223 0.065430 0.067383 
0 0.541016 0.092773 0.068359 0.050781 
0 0.176758 0.018066 0.025391 0.036133 
