0 0.210449 0.213379 0.022461 0.028320 
0 0.240723 0.209473 0.018555 0.028320 
0 0.030273 0.377930 0.019531 0.025391 
0 0.059082 0.380859 0.024414 0.021484 
0 0.033203 0.416992 0.011719 0.017578 
0 0.020020 0.445801 0.020508 0.004883 
0 0.011230 0.438965 0.018555 0.022461 
0 0.114258 0.556152 0.019531 0.026367 
0 0.129883 0.585938 0.015625 0.015625 
0 0.145508 0.618164 0.015625 0.017578 
0 0.168945 0.653809 0.021484 0.026367 
0 0.205566 0.710938 0.022461 0.023438 
0 0.225586 0.743652 0.017578 0.016602 
0 0.264648 0.791016 0.025391 0.021484 
0 0.187500 0.859375 0.021484 0.019531 
0 0.058594 0.947754 0.025391 0.016602 
0 0.160645 0.949219 0.020508 0.015625 
0 0.265625 0.183594 0.044922 0.023438 
0 0.219727 0.192871 0.023438 0.024414 
0 0.227051 0.229492 0.026367 0.017578 
0 0.246094 0.263184 0.017578 0.020508 
0 0.300781 0.158203 0.013672 0.025391 
0 0.346680 0.064941 0.064453 0.026367 
0 0.359863 0.094727 0.034180 0.019531 
0 0.335449 0.141602 0.024414 0.027344 
0 0.419922 0.154297 0.037109 0.019531 
0 0.415039 0.113770 0.033203 0.020508 
0 0.895020 0.041992 0.032227 0.035156 
0 0.770020 0.131348 0.161133 0.131836 
0 0.787109 0.437500 0.029297 0.025391 
0 0.709961 0.781250 0.035156 0.031250 
0 0.700195 0.934082 0.035156 0.026367 
0 0.648926 0.951172 0.057617 0.042969 
0 0.637695 0.900391 0.054688 0.017578 
0 0.566406 0.809570 0.041016 0.027344 
0 0.609863 0.337402 0.018555 0.024414 
0 0.812500 0.248047 0.025391 0.027344 
0 0.587891 0.020508 0.044922 0.035156 
0 0.575684 0.676270 0.024414 0.030273 
