0 0.465058 0.274713 0.028286 0.029885 
0 0.474210 0.377011 0.029950 0.036782 
0 0.294509 0.478161 0.019967 0.027586 
0 0.321131 0.494253 0.029950 0.045977 
0 0.440100 0.514943 0.014975 0.022989 
0 0.371880 0.626437 0.058236 0.039080 
0 0.391015 0.673563 0.059900 0.059770 
0 0.365225 0.906897 0.024958 0.048276 
0 0.324459 0.968966 0.053245 0.048276 
0 0.443428 0.948276 0.014975 0.034483 
0 0.396839 0.958621 0.018303 0.036782 
0 0.572379 0.985057 0.019967 0.016092 
0 0.469218 0.947126 0.019967 0.027586 
0 0.526622 0.944828 0.028286 0.018391 
0 0.529950 0.927586 0.024958 0.016092 
0 0.465890 0.698851 0.026622 0.018391 
0 0.509983 0.689655 0.038270 0.022989 
0 0.605657 0.671264 0.016639 0.018391 
0 0.580699 0.745977 0.083195 0.016092 
0 0.584027 0.804598 0.026622 0.027586 
0 0.547421 0.808046 0.036606 0.020690 
0 0.554077 0.781609 0.033278 0.022989 
0 0.604825 0.739080 0.031614 0.025287 
0 0.467554 0.540230 0.043261 0.041379 
0 0.509983 0.162069 0.028286 0.039080 
0 0.465890 0.263218 0.033278 0.048276 
0 0.609817 0.314943 0.041597 0.059770 
0 0.659734 0.539080 0.028286 0.048276 
0 0.636439 0.589655 0.041597 0.043678 
0 0.651414 0.639080 0.054908 0.041379 
0 0.707155 0.608046 0.019967 0.029885 
0 0.653910 0.885057 0.036606 0.036782 
0 0.935940 0.942529 0.101498 0.091954 
0 0.923461 0.811494 0.023295 0.032184 
0 0.976705 0.729885 0.043261 0.020690 
0 0.853577 0.664368 0.033278 0.041379 
0 0.773710 0.503448 0.053245 0.055172 
0 0.985025 0.552874 0.019967 0.043678 
0 0.900166 0.463218 0.019967 0.025287 
0 0.735441 0.425287 0.049917 0.050575 
0 0.751248 0.381609 0.044925 0.018391 
0 0.787022 0.339080 0.033278 0.034483 
0 0.897671 0.467816 0.018303 0.020690 
0 0.940932 0.482759 0.021631 0.022989 
0 0.983361 0.289655 0.033278 0.050575 
0 0.939268 0.145977 0.011647 0.020690 
0 0.775374 0.255172 0.023295 0.022989 
0 0.825291 0.078161 0.026622 0.032184 
