0 0.031250 0.025879 0.041016 0.041992 
0 0.089355 0.020020 0.032227 0.022461 
0 0.068359 0.039062 0.064453 0.013672 
0 0.081543 0.074219 0.053711 0.033203 
0 0.191895 0.046875 0.133789 0.085938 
0 0.051270 0.428223 0.086914 0.112305 
0 0.210449 0.572754 0.045898 0.041992 
0 0.018555 0.713867 0.023438 0.031250 
0 0.064453 0.820801 0.050781 0.040039 
0 0.114258 0.820801 0.031250 0.032227 
0 0.156738 0.821289 0.032227 0.031250 
0 0.034668 0.862305 0.030273 0.023438 
0 0.090820 0.873047 0.058594 0.042969 
0 0.161133 0.885742 0.046875 0.039062 
0 0.215332 0.883301 0.038086 0.045898 
0 0.455078 0.854492 0.041016 0.027344 
0 0.458008 0.744141 0.039062 0.041016 
0 0.454102 0.852539 0.050781 0.039062 
0 0.594238 0.128418 0.047852 0.030273 
0 0.549805 0.156738 0.035156 0.032227 
0 0.601074 0.166992 0.045898 0.031250 
0 0.587891 0.214844 0.056641 0.054688 
0 0.640625 0.216309 0.046875 0.051758 
0 0.750000 0.751465 0.068359 0.049805 
0 0.868164 0.753906 0.125000 0.126953 
0 0.757812 0.797363 0.060547 0.045898 
0 0.796875 0.856934 0.099609 0.043945 
0 0.751953 0.981934 0.082031 0.028320 
0 0.826172 0.393066 0.062500 0.051758 
0 0.981445 0.309570 0.037109 0.066406 
0 0.979980 0.376953 0.034180 0.039062 
0 0.959961 0.736328 0.025391 0.023438 
0 0.970703 0.804688 0.025391 0.025391 
0 0.835938 0.851074 0.037109 0.032227 
0 0.459961 0.802246 0.031250 0.026367 
0 0.801758 0.378418 0.025391 0.028320 
0 0.379883 0.260254 0.019531 0.018555 
0 0.290039 0.346680 0.033203 0.023438 
0 0.352051 0.658691 0.020508 0.014648 
0 0.454102 0.723145 0.025391 0.018555 
0 0.315918 0.720703 0.024414 0.021484 
0 0.277832 0.717773 0.030273 0.019531 
