0 0.432129 0.515625 0.208008 0.210938 
0 0.752930 0.427002 0.114258 0.089355 
0 0.630615 0.676025 0.071777 0.101074 
0 0.655518 0.862061 0.086426 0.086426 
0 0.154541 0.607910 0.077637 0.087891 
0 0.030029 0.162598 0.060059 0.164062 
0 0.156006 0.151611 0.086426 0.071777 
0 0.243164 0.137695 0.038086 0.032227 
0 0.194824 0.027832 0.058594 0.055664 
0 0.057861 0.013916 0.030762 0.027832 
0 0.365723 0.282471 0.090820 0.094238 
0 0.453125 0.162598 0.059570 0.066406 
0 0.392822 0.056885 0.034668 0.050293 
0 0.347900 0.010498 0.034668 0.020996 
0 0.320801 0.077881 0.036133 0.031738 
0 0.359863 0.121094 0.029297 0.030273 
0 0.501465 0.087402 0.055664 0.047852 
0 0.517822 0.010010 0.024902 0.020020 
0 0.564209 0.064941 0.035645 0.037109 
0 0.640869 0.120361 0.046387 0.071777 
0 0.675781 0.054932 0.037109 0.038574 
0 0.541016 0.158691 0.047852 0.074219 
0 0.107178 0.212891 0.042480 0.037109 
0 0.378174 0.173340 0.039551 0.037109 
0 0.371094 0.214111 0.033203 0.023926 
0 0.451660 0.229492 0.030273 0.033203 
0 0.536377 0.236572 0.030762 0.031738 
0 0.493408 0.271240 0.036621 0.031738 
0 0.656250 0.267090 0.063477 0.082031 
0 0.604004 0.329346 0.041016 0.036621 
0 0.697021 0.339111 0.039551 0.035645 
0 0.742676 0.186523 0.062500 0.041992 
0 0.883789 0.013916 0.044922 0.027832 
0 0.955078 0.037598 0.034180 0.041016 
0 0.888672 0.076172 0.044922 0.056641 
0 0.812744 0.122314 0.038574 0.030762 
0 0.803467 0.263184 0.057129 0.097656 
0 0.877686 0.216309 0.035645 0.041016 
0 0.866211 0.280273 0.037109 0.044922 
0 0.895508 0.328613 0.052734 0.025391 
0 0.927246 0.203613 0.032227 0.029297 
0 0.964355 0.218262 0.071289 0.034180 
0 0.937012 0.255127 0.041016 0.039551 
0 0.952393 0.140869 0.042480 0.040527 
0 0.855225 0.172607 0.035645 0.032715 
0 0.808105 0.078613 0.037109 0.038086 
0 0.724121 0.041748 0.030273 0.038574 
0 0.740967 0.125732 0.031738 0.042480 
0 0.931152 0.423828 0.040039 0.048828 
0 0.979492 0.463623 0.041016 0.054199 
0 0.964844 0.513916 0.038086 0.049316 
0 0.978271 0.599121 0.043457 0.079102 
0 0.808105 0.619873 0.047852 0.035645 
0 0.685059 0.571289 0.055664 0.044922 
0 0.285156 0.315430 0.048828 0.059570 
0 0.141602 0.303711 0.082031 0.041016 
0 0.203613 0.387451 0.037109 0.031738 
0 0.082764 0.350586 0.054199 0.037109 
0 0.111816 0.389648 0.030273 0.022461 
0 0.156250 0.427246 0.037109 0.032227 
0 0.008545 0.333252 0.017090 0.039551 
0 0.018555 0.381592 0.029297 0.032715 
0 0.054932 0.404785 0.020020 0.034180 
0 0.090820 0.492676 0.041016 0.043945 
0 0.029053 0.533203 0.050293 0.100586 
0 0.008545 0.623535 0.017090 0.048828 
0 0.052979 0.619629 0.039551 0.025391 
0 0.056885 0.661865 0.036621 0.035645 
0 0.083984 0.701904 0.036133 0.027832 
0 0.167480 0.730713 0.059570 0.046387 
0 0.238770 0.707764 0.030273 0.034668 
0 0.299072 0.726074 0.023926 0.034180 
0 0.348633 0.737549 0.025391 0.027832 
0 0.390869 0.761719 0.024902 0.026367 
0 0.513916 0.803467 0.024902 0.024902 
0 0.740723 0.796143 0.034180 0.042480 
0 0.820801 0.813477 0.041016 0.041992 
0 0.492188 0.320068 0.034180 0.028809 
0 0.587158 0.363037 0.023926 0.035645 
0 0.589844 0.446533 0.029297 0.038574 
0 0.291016 0.377686 0.044922 0.035645 
0 0.363770 0.350586 0.018555 0.026367 
0 0.787109 0.591309 0.026367 0.029297 
0 0.855957 0.602051 0.026367 0.026367 
0 0.913574 0.561523 0.041016 0.048828 
0 0.935059 0.753174 0.018555 0.027832 
0 0.958496 0.803467 0.033203 0.024902 
0 0.976074 0.875000 0.029297 0.027344 
0 0.984131 0.930664 0.023926 0.033203 
0 0.939697 0.954346 0.024902 0.024902 
0 0.881104 0.830078 0.042480 0.064453 
0 0.888184 0.914551 0.064453 0.078125 
0 0.782227 0.888184 0.041016 0.041016 
0 0.854492 0.982910 0.034180 0.034180 
0 0.746582 0.848633 0.030273 0.030273 
0 0.654785 0.948975 0.052734 0.035645 
0 0.702393 0.987549 0.079590 0.024902 
0 0.516602 0.890869 0.038086 0.051270 
0 0.313721 0.773682 0.031738 0.023926 
0 0.342529 0.813721 0.028809 0.031738 
0 0.372803 0.851807 0.031738 0.023926 
0 0.274658 0.838623 0.027832 0.034668 
0 0.308350 0.848633 0.020996 0.033203 
0 0.313721 0.897461 0.031738 0.036133 
0 0.317383 0.950439 0.034180 0.035645 
0 0.450439 0.988770 0.043457 0.022461 
0 0.365723 0.900146 0.025391 0.027832 
0 0.173340 0.873535 0.089844 0.048828 
0 0.165283 0.920654 0.039551 0.039551 
0 0.178711 0.970215 0.026367 0.036133 
0 0.223633 0.989990 0.044922 0.020020 
0 0.052246 0.914551 0.036133 0.041016 
0 0.009277 0.955811 0.018555 0.043457 
0 0.100586 0.978271 0.029297 0.027832 
0 0.139404 0.817383 0.043457 0.029297 
0 0.104492 0.829346 0.023438 0.026855 
0 0.080566 0.788330 0.044922 0.034668 
0 0.089844 0.919189 0.029297 0.031738 
0 0.021240 0.749268 0.042480 0.054199 
0 0.208984 0.774658 0.029297 0.027832 
