0 0.017090 0.174805 0.028320 0.042969 
0 0.062500 0.468262 0.033203 0.030273 
0 0.042480 0.486816 0.032227 0.020508 
0 0.161621 0.916992 0.049805 0.035156 
0 0.121094 0.767090 0.025391 0.028320 
0 0.152344 0.747559 0.021484 0.020508 
0 0.135254 0.526367 0.065430 0.050781 
0 0.199219 0.442871 0.033203 0.026367 
0 0.105469 0.445312 0.031250 0.029297 
0 0.146484 0.446289 0.029297 0.023438 
0 0.287598 0.324219 0.041992 0.037109 
0 0.287598 0.358398 0.028320 0.035156 
0 0.333984 0.022461 0.044922 0.031250 
0 0.188477 0.074707 0.050781 0.032227 
0 0.474121 0.263672 0.041992 0.035156 
0 0.492188 0.377441 0.060547 0.049805 
0 0.312012 0.478027 0.038086 0.026367 
0 0.600098 0.657715 0.049805 0.043945 
0 0.299316 0.663086 0.043945 0.039062 
0 0.447266 0.778320 0.056641 0.031250 
0 0.425781 0.816895 0.054688 0.040039 
0 0.459473 0.916504 0.051758 0.036133 
0 0.292480 0.950684 0.038086 0.028320 
0 0.375488 0.955078 0.038086 0.029297 
0 0.592285 0.787109 0.036133 0.037109 
0 0.603027 0.662109 0.043945 0.029297 
0 0.663086 0.421387 0.039062 0.040039 
0 0.710938 0.421387 0.037109 0.040039 
0 0.663574 0.032715 0.045898 0.043945 
0 0.935547 0.020020 0.029297 0.024414 
0 0.976562 0.021484 0.037109 0.037109 
0 0.978516 0.084961 0.019531 0.019531 
0 0.961914 0.169434 0.035156 0.034180 
0 0.963379 0.213867 0.041992 0.031250 
0 0.927246 0.257812 0.043945 0.039062 
0 0.960938 0.547363 0.025391 0.024414 
0 0.816406 0.504883 0.041016 0.042969 
0 0.831055 0.561035 0.050781 0.043945 
0 0.906250 0.670898 0.031250 0.027344 
0 0.910156 0.703125 0.046875 0.029297 
0 0.792969 0.746582 0.037109 0.040039 
0 0.936035 0.758789 0.034180 0.039062 
0 0.835449 0.976562 0.055664 0.037109 
0 0.478027 0.024902 0.028320 0.020508 
0 0.620605 0.030273 0.022461 0.027344 
