0 0.088379 0.030762 0.159180 0.053711 
0 0.069824 0.186035 0.032227 0.036133 
0 0.115234 0.188965 0.033203 0.036133 
0 0.068359 0.296875 0.060547 0.039062 
0 0.153320 0.526855 0.074219 0.069336 
0 0.431152 0.129883 0.057617 0.074219 
0 0.783203 0.047363 0.050781 0.040039 
0 0.792480 0.105469 0.063477 0.041016 
0 0.662109 0.208008 0.056641 0.070312 
0 0.533203 0.346191 0.083984 0.041992 
0 0.587891 0.407715 0.087891 0.034180 
0 0.566895 0.453125 0.069336 0.060547 
0 0.710938 0.597656 0.056641 0.046875 
0 0.683105 0.664551 0.047852 0.038086 
0 0.670898 0.812012 0.027344 0.016602 
0 0.666992 0.811523 0.035156 0.019531 
0 0.444824 0.940918 0.194336 0.084961 
0 0.958984 0.927734 0.066406 0.035156 
0 0.974609 0.694824 0.044922 0.108398 
0 0.972168 0.497070 0.032227 0.078125 
0 0.790039 0.052246 0.039062 0.043945 
0 0.964844 0.246582 0.033203 0.032227 
0 0.570801 0.276855 0.040039 0.024414 
0 0.266113 0.313477 0.045898 0.015625 
0 0.584473 0.348145 0.057617 0.032227 
0 0.474121 0.397461 0.049805 0.031250 
0 0.074219 0.549316 0.048828 0.051758 
0 0.160156 0.589844 0.054688 0.033203 
0 0.254883 0.261719 0.035156 0.033203 
0 0.216309 0.117188 0.043945 0.041016 
0 0.107910 0.187988 0.034180 0.038086 
0 0.071289 0.288086 0.042969 0.035156 
0 0.789062 0.046875 0.037109 0.044922 
0 0.502441 0.041016 0.043945 0.027344 
0 0.737305 0.037109 0.027344 0.027344 
