0 0.025148 0.036199 0.038462 0.054299 
0 0.411243 0.145928 0.071006 0.061086 
0 0.239645 0.022624 0.053254 0.036199 
0 0.337278 0.495475 0.189349 0.099548 
0 0.406805 0.418552 0.050296 0.049774 
0 0.273669 0.538462 0.056213 0.049774 
0 0.022189 0.821267 0.044379 0.054299 
0 0.535503 0.731900 0.136095 0.097285 
0 0.690828 0.916290 0.068047 0.031674 
0 0.612426 0.970588 0.065089 0.036199 
0 0.982249 0.700226 0.035503 0.047511 
0 0.946746 0.713801 0.047337 0.042986 
0 0.792899 0.464932 0.112426 0.061086 
0 0.850592 0.533937 0.038462 0.027149 
0 0.874260 0.174208 0.068047 0.027149 
0 0.843195 0.015837 0.076923 0.031674 
0 0.960059 0.083710 0.050296 0.058824 
0 0.968935 0.174208 0.062130 0.045249 
0 0.860947 0.183258 0.047337 0.045249 
0 0.751479 0.455882 0.053254 0.056561 
