0 0.303254 0.010181 0.026627 0.020362 
0 0.207101 0.197964 0.053254 0.033937 
0 0.136095 0.191176 0.047337 0.024887 
0 0.115385 0.136878 0.047337 0.024887 
0 0.122781 0.070136 0.032544 0.040724 
0 0.031065 0.135747 0.050296 0.099548 
0 0.076923 0.434389 0.047337 0.045249 
0 0.056213 0.505656 0.065089 0.033937 
0 0.032544 0.549774 0.065089 0.040724 
0 0.137574 0.748869 0.073964 0.036199 
0 0.162722 0.710407 0.065089 0.031674 
0 0.363905 0.858597 0.065089 0.052036 
0 0.412722 0.700226 0.062130 0.038462 
0 0.625740 0.716063 0.085799 0.074661 
0 0.957101 0.572398 0.085799 0.126697 
0 0.834320 0.321267 0.065089 0.049774 
0 0.738166 0.239819 0.103550 0.054299 
0 0.757396 0.306561 0.059172 0.042986 
0 0.825444 0.047511 0.071006 0.045249 
0 0.214497 0.199095 0.068047 0.040724 
0 0.134615 0.139140 0.079882 0.052036 
0 0.134615 0.192308 0.073964 0.040724 
0 0.309172 0.009050 0.068047 0.018100 
0 0.068047 0.029412 0.065089 0.027149 
0 0.307692 0.009050 0.059172 0.018100 
