0 0.075668 0.022021 0.038576 0.038860 
0 0.210682 0.077720 0.035608 0.025907 
0 0.164688 0.348446 0.056380 0.069948 
0 0.241840 0.354922 0.068249 0.067358 
0 0.022255 0.489637 0.044510 0.046632 
0 0.424332 0.493523 0.059347 0.059585 
0 0.464392 0.301813 0.121662 0.054404 
0 0.465875 0.231865 0.106825 0.059585 
0 0.781899 0.410622 0.068249 0.059585 
0 0.649852 0.717617 0.035608 0.041451 
0 0.807122 0.878238 0.124629 0.082902 
0 0.820475 0.958549 0.115727 0.067358 
0 0.712166 0.936528 0.077151 0.085492 
0 0.780415 0.398964 0.077151 0.056995 
0 0.965875 0.120466 0.032641 0.038860 
0 0.870920 0.093264 0.044510 0.051813 
0 0.940653 0.056995 0.089021 0.051813 
0 0.227003 0.089378 0.050445 0.038860 
0 0.146884 0.931347 0.044510 0.028497 
0 0.689911 0.987047 0.062315 0.025907 
0 0.379822 0.234456 0.035608 0.033679 
0 0.408012 0.331606 0.044510 0.056995 
0 0.485163 0.959845 0.044510 0.028497 
0 0.627596 0.834197 0.032641 0.025907 
0 0.737389 0.203368 0.044510 0.033679 
0 0.016320 0.731865 0.032641 0.049223 
0 0.179525 0.244819 0.056380 0.044041 
0 0.627596 0.633420 0.056380 0.049223 
