0 0.448242 0.465820 0.120117 0.093750 
0 0.723633 0.147949 0.102539 0.099609 
0 0.456299 0.848145 0.086426 0.093750 
0 0.722900 0.826904 0.071777 0.071777 
0 0.095947 0.964355 0.086426 0.071289 
0 0.054199 0.228516 0.105469 0.108398 
0 0.015381 0.109863 0.030762 0.035156 
0 0.064453 0.027832 0.058594 0.043945 
0 0.150879 0.344971 0.052734 0.036621 
0 0.178711 0.237305 0.038086 0.035156 
0 0.183105 0.206543 0.026367 0.020508 
0 0.064453 0.150146 0.035156 0.033691 
0 0.115723 0.083496 0.055664 0.041016 
0 0.188232 0.023438 0.039551 0.032227 
0 0.278320 0.010254 0.084961 0.020508 
0 0.259277 0.085693 0.041016 0.039551 
0 0.222656 0.147217 0.029297 0.019043 
0 0.138428 0.186768 0.027832 0.024902 
0 0.234375 0.194824 0.032227 0.029297 
0 0.285645 0.162598 0.032227 0.032227 
0 0.349365 0.096680 0.027832 0.029297 
0 0.331055 0.154541 0.032227 0.027832 
0 0.396240 0.156738 0.027832 0.029297 
0 0.457031 0.054932 0.043945 0.039551 
0 0.518555 0.008789 0.043945 0.017578 
0 0.529541 0.081299 0.071777 0.068848 
0 0.611572 0.057129 0.036621 0.035156 
0 0.639404 0.089355 0.033691 0.029297 
0 0.711914 0.037354 0.032227 0.030762 
0 0.813721 0.021973 0.060059 0.043945 
0 0.852539 0.043213 0.026367 0.030762 
0 0.938965 0.019043 0.035156 0.029297 
0 0.966064 0.057861 0.030762 0.033691 
0 0.927979 0.093750 0.036621 0.043945 
0 0.870850 0.139160 0.039551 0.046875 
0 0.940430 0.164795 0.038086 0.048340 
0 0.971680 0.286377 0.056641 0.068848 
0 0.878174 0.261475 0.057129 0.045410 
0 0.823975 0.185303 0.033691 0.036621 
0 0.714844 0.273926 0.046875 0.070312 
0 0.438721 0.150879 0.027832 0.023438 
0 0.488525 0.166992 0.033691 0.026367 
0 0.567627 0.171387 0.019043 0.029297 
0 0.624756 0.199219 0.030762 0.038086 
0 0.656982 0.161133 0.016113 0.020508 
0 0.539062 0.227051 0.035156 0.041016 
0 0.479004 0.209473 0.035156 0.035156 
0 0.465088 0.253418 0.036621 0.035156 
0 0.375732 0.262207 0.033691 0.035156 
0 0.355957 0.238037 0.032227 0.036621 
0 0.310547 0.199951 0.026367 0.027832 
0 0.293701 0.375000 0.057129 0.067383 
0 0.325928 0.287109 0.039551 0.032227 
0 0.410889 0.308350 0.039551 0.027832 
0 0.435791 0.346436 0.042480 0.027832 
0 0.588135 0.318604 0.036621 0.033691 
0 0.673096 0.395508 0.033691 0.043945 
0 0.668701 0.437256 0.045410 0.024902 
0 0.795410 0.408691 0.117188 0.105469 
0 0.895752 0.407959 0.060059 0.065918 
0 0.944092 0.354492 0.045410 0.049805 
0 0.975342 0.531006 0.049316 0.042480 
0 0.989258 0.490723 0.021484 0.038086 
0 0.842285 0.498047 0.038086 0.035156 
0 0.750732 0.522217 0.065918 0.065918 
0 0.802002 0.605713 0.045410 0.048340 
0 0.851074 0.563965 0.035156 0.029297 
0 0.922852 0.577148 0.058594 0.067383 
0 0.936035 0.700195 0.082031 0.125977 
0 0.847412 0.608643 0.045410 0.039551 
0 0.774170 0.693604 0.042480 0.039551 
0 0.965332 0.843018 0.032227 0.039551 
0 0.949951 0.930176 0.024902 0.035156 
0 0.780029 0.983398 0.051270 0.033203 
0 0.689209 0.975342 0.054199 0.049316 
0 0.228516 0.899414 0.038086 0.035156 
0 0.208008 0.766113 0.038086 0.038086 
0 0.228516 0.653320 0.079102 0.067383 
0 0.183838 0.390381 0.033691 0.024902 
0 0.156006 0.441650 0.042480 0.033691 
0 0.119385 0.467285 0.042480 0.026367 
0 0.126709 0.498047 0.033691 0.032227 
0 0.038818 0.424805 0.039551 0.035156 
0 0.034424 0.520020 0.068848 0.046875 
0 0.073975 0.572754 0.042480 0.046875 
0 0.117188 0.545654 0.026367 0.027832 
0 0.139160 0.625488 0.046875 0.046875 
0 0.076904 0.663574 0.042480 0.046875 
0 0.022705 0.645996 0.045410 0.041016 
0 0.038086 0.768311 0.032227 0.042480 
0 0.049805 0.903809 0.038086 0.041016 
0 0.651855 0.243164 0.043945 0.049805 
0 0.237305 0.331055 0.038086 0.032227 
