0 0.795410 0.493164 0.075195 0.058594 
0 0.876465 0.569824 0.110352 0.092773 
0 0.739258 0.906738 0.195312 0.186523 
0 0.389160 0.960938 0.145508 0.078125 
0 0.278809 0.865234 0.047852 0.050781 
0 0.354980 0.841309 0.043945 0.034180 
0 0.312012 0.777832 0.071289 0.040039 
0 0.134277 0.856445 0.102539 0.078125 
0 0.874512 0.856445 0.041992 0.048828 
0 0.960449 0.937500 0.047852 0.048828 
0 0.635254 0.557617 0.075195 0.070312 
0 0.514648 0.622559 0.052734 0.088867 
0 0.566895 0.677246 0.061523 0.045898 
0 0.387695 0.652832 0.169922 0.088867 
0 0.248047 0.653320 0.042969 0.058594 
0 0.109863 0.546387 0.110352 0.110352 
0 0.130859 0.335938 0.066406 0.046875 
0 0.029785 0.284180 0.059570 0.095703 
0 0.207520 0.441895 0.094727 0.147461 
0 0.274414 0.312012 0.099609 0.077148 
0 0.355469 0.347168 0.107422 0.118164 
0 0.400879 0.277832 0.053711 0.055664 
0 0.224121 0.222656 0.057617 0.056641 
0 0.166016 0.197266 0.042969 0.066406 
0 0.372070 0.060547 0.062500 0.060547 
0 0.530273 0.193848 0.126953 0.104492 
0 0.727051 0.291504 0.075195 0.067383 
0 0.697754 0.080078 0.131836 0.101562 
0 0.822266 0.020508 0.064453 0.041016 
0 0.957520 0.063965 0.057617 0.059570 
0 0.839844 0.152832 0.074219 0.083008 
0 0.939941 0.236816 0.067383 0.063477 
0 0.065430 0.098633 0.062500 0.046875 
0 0.548828 0.397461 0.068359 0.072266 
0 0.629883 0.438965 0.052734 0.049805 
0 0.894531 0.327637 0.074219 0.051758 
0 0.613281 0.241211 0.046875 0.046875 
0 0.434570 0.432129 0.050781 0.043945 
0 0.712402 0.785645 0.038086 0.049805 
0 0.296875 0.109863 0.054688 0.041992 
