0 0.090291 0.064297 0.060194 0.059002 
0 0.146602 0.049168 0.060194 0.037821 
0 0.424272 0.213313 0.067961 0.057489 
0 0.693204 0.021180 0.077670 0.033283 
0 0.950485 0.159607 0.099029 0.101362 
0 0.894175 0.051437 0.064078 0.039334 
0 0.700971 0.296520 0.077670 0.069592 
0 0.978641 0.533283 0.042718 0.052950 
0 0.641748 0.537821 0.114563 0.116490 
0 0.687379 0.472769 0.046602 0.046899 
0 0.221359 0.375189 0.062136 0.118003 
0 0.100971 0.164902 0.054369 0.057489 
0 0.118447 0.216339 0.058252 0.057489 
0 0.087379 0.381997 0.054369 0.059002 
0 0.266990 0.537065 0.118447 0.072617 
0 0.120388 0.568835 0.038835 0.033283 
0 0.204854 0.633132 0.052427 0.043873 
0 0.140777 0.726172 0.056311 0.048411 
0 0.381553 0.694402 0.071845 0.042360 
0 0.434951 0.755673 0.073786 0.052950 
0 0.449515 0.888048 0.071845 0.042360 
0 0.373786 0.920575 0.060194 0.043873 
0 0.769903 0.976551 0.067961 0.043873 
0 0.832039 0.878971 0.079612 0.063540 
0 0.858252 0.748109 0.054369 0.052950 
0 0.808738 0.686082 0.052427 0.052950 
0 0.766990 0.655068 0.062136 0.042360 
0 0.431068 0.608169 0.081553 0.036309 
0 0.223301 0.895613 0.054369 0.036309 
0 0.756311 0.447050 0.056311 0.046899 
0 0.345631 0.254917 0.077670 0.037821 
0 0.970874 0.319970 0.046602 0.062027 
