0 0.216085 0.050382 0.149225 0.091603 
0 0.024225 0.050382 0.048450 0.042748 
0 0.162791 0.193130 0.073643 0.059542 
0 0.058140 0.245038 0.062016 0.050382 
0 0.350775 0.190840 0.124031 0.058015 
0 0.478682 0.285496 0.050388 0.061069 
0 0.383721 0.296183 0.042636 0.054962 
0 0.732558 0.120611 0.062016 0.051908 
0 0.896318 0.158779 0.060078 0.039695 
0 0.962209 0.291603 0.052326 0.051908 
0 0.802326 0.222137 0.046512 0.056489 
0 0.845930 0.293130 0.056202 0.054962 
0 0.823643 0.464885 0.062016 0.056489 
0 0.881783 0.520611 0.073643 0.021374 
0 0.942829 0.628244 0.052326 0.047328 
0 0.843992 0.684733 0.071705 0.062595 
0 0.773256 0.593130 0.065891 0.056489 
0 0.571705 0.624427 0.065891 0.048855 
0 0.775194 0.929771 0.069767 0.054962 
0 0.899225 0.926718 0.069767 0.048855 
0 0.852713 0.941985 0.069767 0.042748 
0 0.574612 0.962595 0.056202 0.050382 
0 0.257752 0.767176 0.069767 0.047328 
0 0.187984 0.778626 0.038760 0.039695 
0 0.493217 0.621374 0.063953 0.033588 
0 0.410853 0.731298 0.038760 0.036641 
0 0.507752 0.927481 0.054264 0.044275 
0 0.355620 0.638168 0.071705 0.064122 
0 0.040698 0.533588 0.081395 0.056489 
0 0.012597 0.396947 0.025194 0.058015 
0 0.531008 0.224427 0.058140 0.054962 
0 0.974806 0.799237 0.050388 0.050382 
0 0.122093 0.057252 0.058140 0.053435 
